I
1100 Generated by WorldEditor 2.2.0r2

1     45 1 0 ESSB Bromma
1302 city Stockholm
1302 country Sweden
1302 datum_lat 59.354444444
1302 datum_lon 17.942222222
1302 faa_code 
1302 gui_label 3D
1302 iata_code BMA
1302 icao_code ESSB
1302 region_code ES
1302 state Stockholms län
1302 transition_alt 5000
1302 transition_level 
100 45.00 1 0 0.00 0 1 0 12  59.35943049  017.92747217  145    0 3 1 0 1 30  59.34929161  017.95586969  150    0 3 3 0 1
102 H28  59.34730411  017.94702706 344.28 34.80 38.30 15 0 0 0.00 0
110 15 0.00 0.0000 New Taxiway 14
111  59.35909289  017.92921162
111  59.35870973  017.92868036
111  59.35202271  017.94743769
111  59.35190581  017.94753660
111  59.35176249  017.94795233
111  59.35175220  017.94828213
111  59.34892489  017.95619272
111  59.34927967  017.95668820
111  59.34963409  017.95589766
111  59.34999185  017.95491690
111  59.35002523  017.95460068
111  59.35154470  017.95033040
111  59.35163678  017.95030144
111  59.35177344  017.94992225
111  59.35179073  017.94966714
111  59.35673564  017.93580599
111  59.35685258  017.93573822
111  59.35697349  017.93540551
113  59.35697880  017.93513383
110 15 0.00 0.0000 New Taxiway 1
111  59.35883696  017.92981378
111  59.35879627  017.92992724
111  59.35886356  017.93004126
111  59.35923238  017.92902263
111  59.35936209  017.92894628
111  59.35972021  017.92792117
111  59.35942692  017.92703459
111  59.35913643  017.92712820
111  59.35870422  017.92856546
111  59.35834718  017.92955481
111  59.35843085  017.92960466
113  59.35851532  017.92936004
110 15 0.00 0.0000 New Taxiway 1
111  59.34999428  017.95308116
111  59.34931597  017.95503810
111  59.34906309  017.95580719
111  59.34965462  017.95596634
111  59.34998590  017.95571185
111  59.35032224  017.95550315
111  59.35027943  017.95508334
111  59.35008474  017.95504001
111  59.35012453  017.95462309
113  59.35040293  017.95366209
120 Linear Feature 21
111  59.34956878  017.94782139 20
115  59.34954827  017.94783491
120 Linear Feature 20
111  59.34955516  017.94780688 20
115  59.34955903  017.94782798
120 Linear Feature 19
111  59.34956508  017.94780061 20
115  59.34954474  017.94781380
120 Linear Feature 18
112  59.34959093  017.94779680  59.34958140  017.94774061
111  59.34959093  017.94779680
112  59.34959093  017.94779680  59.34957986  017.94773567 20
112  59.34954578  017.94775419  59.34953892  017.94775748 20
112  59.34952290  017.94784144  59.34953376  017.94790180
111  59.34952290  017.94784144
112  59.34952290  017.94784144  59.34953222  017.94790015 20
112  59.34956701  017.94788005  59.34957416  017.94787511
111  59.34956701  017.94788005
114  59.34956701  017.94788005  59.34957136  017.94787786 20
120 Linear Feature 19
111  59.35272202  017.95219392 1
112  59.35283841  017.95233898  59.35288979  017.95241278 1
111  59.35293206  017.95249023 1
112  59.35297280  017.95276250  59.35296821  017.95291550 1
115  59.35292005  017.95300751
120 Linear Feature 20
111  59.35293218  017.95248964 1
112  59.35306373  017.95261272  59.35313940  017.95263529 1
115  59.35317315  017.95257315
120 Linear Feature 29
111  59.35295304  017.95162616 20
111  59.35294954  017.95162733 20
111  59.35295270  017.95163208 20
111  59.35295268  017.95162794 20
111  59.35295110  017.95162790 20
115  59.35295182  017.95162898
120 Linear Feature 38
111  59.35244066  017.95299331 3
111  59.35220304  017.95368326 3
112  59.35216004  017.95350761  59.35215133  017.95340261
111  59.35216004  017.95350761
112  59.35216004  017.95350761  59.35215933  017.95349366 3
112  59.35217474  017.95333280  59.35219572  017.95324244
111  59.35217474  017.95333280
112  59.35217474  017.95333280  59.35218221  017.95330070 3
112  59.35229437  017.95288807  59.35235173  017.95270923 3
111  59.35242950  017.95253361 3
112  59.35254174  017.95235671  59.35259466  017.95232607
111  59.35254174  017.95235671
112  59.35254174  017.95235671  59.35259884  017.95232707 3
113  59.35266312  017.95236465 3
120 Linear Feature 37
111  59.35353792  017.94835034 20
111  59.35352567  017.94845523 20
111  59.35351427  017.94863619 20
111  59.35348678  017.94863000 20
115  59.35349992  017.94844969
120 Linear Feature 28
112  59.35294796  017.95161837  59.35294788  017.95161825 20
111  59.35294471  017.95161876 20
111  59.35294749  017.95162330 20
111  59.35294747  017.95161954 20
111  59.35294658  017.95161963 20
115  59.35294699  017.95162150
120 Linear Feature 27
111  59.35294307  017.95161043 20
111  59.35294022  017.95161209 20
111  59.35294254  017.95161544 20
111  59.35294250  017.95161230 20
115  59.35294113  017.95161236
120 Linear Feature 27
111  59.35294307  017.95161043 20
111  59.35294022  017.95161209 20
111  59.35294254  017.95161544 20
111  59.35294250  017.95161230 20
115  59.35294113  017.95161236
120 Linear Feature 26
111  59.35293556  017.95160692 20
111  59.35295334  017.95163461 20
111  59.35295331  017.95162469 20
111  59.35294842  017.95162604 20
111  59.35294839  017.95161650 20
111  59.35294347  017.95161746 20
111  59.35294338  017.95160873 20
115  59.35293829  017.95161089
120 Linear Feature 25
111  59.35313899  017.95104294 20
115  59.35293554  017.95160737
120 Linear Feature 24
111  59.35307392  017.95136888 31
111  59.35325602  017.95183423 31
111  59.35305619  017.95212495 31
111  59.35294874  017.95202928 31
113  59.35287676  017.95192274 31
120 Linear Feature 17
111  59.35338418  017.95221117 1
112  59.35247509  017.95376432  59.35242462  017.95384172
111  59.35247509  017.95376432
112  59.35247509  017.95376432  59.35245563  017.95379713 1
112  59.35235951  017.95391710  59.35232148  017.95394961
111  59.35235951  017.95391710
112  59.35235951  017.95391710  59.35230466  017.95395561 1
112  59.35222466  017.95394426  59.35218184  017.95393826
111  59.35222466  017.95394426
112  59.35222466  017.95394426  59.35220333  017.95394127 1
112  59.35205365  017.95370488  59.35201234  017.95355496
111  59.35205365  017.95370488
112  59.35205365  017.95370488  59.35201205  017.95355391 1
115  59.35203756  017.95333948
120 Linear Feature 14
111  59.35316815  017.95094885 20
112  59.35318848  017.95087379  59.35319663  017.95083987 20
112  59.35321252  017.95075514  59.35322547  017.95068362 20
111  59.35323203  017.95061018 20
112  59.35325509  017.95034872  59.35325817  017.95028781 20
111  59.35326449  017.95001999 20
112  59.35330111  017.94921955  59.35331104  017.94902736
111  59.35330111  017.94921955
112  59.35330111  017.94921955  59.35330141  017.94921546 20
112  59.35339603  017.94862655  59.35347464  017.94830643
111  59.35339603  017.94862655
112  59.35339603  017.94862655  59.35342545  017.94852869 20
111  59.35350617  017.94829426 20
111  59.35387412  017.94726232 20
111  59.35399714  017.94694179 20
111  59.35411159  017.94662032 20
115  59.35413194  017.94655694
120 Linear Feature 11
111  59.35197215  017.95431211 31
112  59.35233825  017.95434619  59.35236444  017.95434547 31
112  59.35250773  017.95423749  59.35258164  017.95415874 31
111  59.35267755  017.95398558 31
115  59.35353020  017.95254688
120 Linear Feature 5
111  59.35208448  017.95402335 3
111  59.35196866  017.95431768 3
111  59.35223459  017.95468410 3
111  59.35234277  017.95439281 3
112  59.35235115  017.95443146  59.35235243  017.95444527
111  59.35235115  017.95443146
112  59.35235115  017.95443146  59.35235235  017.95444724 3
112  59.35234437  017.95454317  59.35234399  017.95458914
111  59.35234437  017.95454317
112  59.35234437  017.95454317  59.35234407  017.95457892 3
112  59.35235706  017.95464335  59.35236613  017.95466114
111  59.35235706  017.95464335
112  59.35235706  017.95464335  59.35238507  017.95469273 3
112  59.35251420  017.95462345  59.35260217  017.95453126
111  59.35251420  017.95462345
112  59.35251420  017.95462345  59.35253880  017.95459973 3
112  59.35264399  017.95445828  59.35269239  017.95438913
111  59.35264399  017.95445828
112  59.35264399  017.95445828  59.35269658  017.95438316 3
112  59.35274736  017.95431033  59.35275874  017.95430219
111  59.35274736  017.95431033
112  59.35274736  017.95431033  59.35278461  017.95427595 3
112  59.35288191  017.95418893  59.35294670  017.95412122
111  59.35288191  017.95418893
112  59.35288191  017.95418893  59.35291241  017.95415406 3
112  59.35304575  017.95391149  59.35311432  017.95378843
111  59.35304575  017.95391149
112  59.35304575  017.95391149  59.35311884  017.95378031 3
115  59.35319497  017.95364629
120 Linear Feature 2
111  59.35331260  017.95015843 3
112  59.35330127  017.95040716  59.35329279  017.95054316 3
111  59.35327801  017.95064418 3
115  59.35277393  017.95204343
120 Linear Feature 1
111  59.35421379  017.95214080 3
112  59.35417491  017.95197828  59.35415360  017.95191509
111  59.35417491  017.95197828
112  59.35417491  017.95197828  59.35417388  017.95197565 3
111  59.35372847  017.95078823 3
112  59.35353396  017.95036011  59.35343455  017.95018508
111  59.35353396  017.95036011
112  59.35353396  017.95036011  59.35343655  017.95018308 3
111  59.35331624  017.95003143 3
115  59.35331260  017.95015843
120 Linear Feature 35
111  59.35197820  017.94729516 102
111  59.35129574  017.94546885 102
115  59.35113248  017.94532459
120 Linear Feature 34
111  59.35075646  017.94532048 102
111  59.35087591  017.94590876 102
111  59.35114278  017.94578911 102
111  59.35178846  017.94747981 102
115  59.35183259  017.94772505
120 Linear Feature 40
111  59.35272202  017.95219392 101
112  59.35257359  017.95212294  59.35249882  017.95213015 101
115  59.35243141  017.95222633
120 Linear Feature 39
111  59.35258894  017.95100902 101
112  59.35266554  017.95130957  59.35267491  017.95147153 101
115  59.35262554  017.95168359
120 Linear Feature 30
111  59.35262588  017.95168411 101
112  59.35263445  017.95197953  59.35265859  017.95213317 101
115  59.35272202  017.95219392
120 Linear Feature 42
111  59.35004006  017.95536129 101
112  59.34978060  017.95517434  59.34966417  017.95491588 101
115  59.34978767  017.95454771
120 Linear Feature 41
111  59.35069663  017.95518818 101
111  59.35003476  017.95536475 101
112  59.34968177  017.95537860  59.34961822  017.95531966 101
115  59.34958646  017.95510856
120 Linear Feature 38
111  59.35176754  017.94985220 101
112  59.35159251  017.94980315  59.35151165  017.94981651 101
115  59.35141926  017.94994498
120 Linear Feature 37
111  59.35289521  017.95092904 101
112  59.35273000  017.95107363  59.35265255  017.95107363 101
111  59.35259022  017.95100881 101
111  59.35177183  017.94986213 101
112  59.35168130  017.94959922  59.35163619  017.94938049 101
115  59.35168771  017.94919358
120 Linear Feature 27
111  59.35682786  017.94112986 101
112  59.35666188  017.94109813  59.35658528  017.94112179 101
115  59.35632322  017.94124425
120 Linear Feature 28
111  59.35757357  017.93876922 101
111  59.35774660  017.93894364 101
111  59.35793486  017.93896961 101
115  59.35840553  017.93896961
120 Linear Feature 26
111  59.35674666  017.94038910 101
112  59.35671541  017.94079396  59.35673433  017.94098531 101
115  59.35682777  017.94113463
120 Linear Feature 25
111  59.35757357  017.93876922 101
112  59.35769249  017.93880655  59.35775278  017.93879379 101
111  59.35781985  017.93866912 101
111  59.35806498  017.93796572 101
111  59.35811101  017.93787092 101
112  59.35815818  017.93781765  59.35819923  017.93778880 101
112  59.35823311  017.93779142  59.35826424  017.93778806 101
111  59.35831248  017.93773123 101
115  59.35842352  017.93759135
120 Linear Feature 24
111  59.35767813  017.94008286 101
111  59.35767283  017.93913751 101
112  59.35764870  017.93894225  59.35762850  017.93883304 101
111  59.35757357  017.93876922 101
112  59.35748697  017.93853477  59.35747219  017.93838691 101
115  59.35748864  017.93826018
120 Linear Feature 44
111  59.35917292  017.92822735 101
112  59.35920839  017.92820090  59.35923302  017.92819768 101
111  59.35925094  017.92821621 101
115  59.35941834  017.92846116
120 Linear Feature 43
111  59.35907433  017.92850987 101
112  59.35923038  017.92838322  59.35933509  017.92835525 101
111  59.35942118  017.92846394 101
115  59.35954968  017.92865406
120 Linear Feature 29
111  59.35631903  017.94124172 101
111  59.35576338  017.94154432 101
111  59.35568226  017.94161232 101
111  59.35561117  017.94169664 101
111  59.35551412  017.94192912 101
111  59.35319563  017.94835879 101
111  59.35311888  017.94861713 101
111  59.35309118  017.94879559 101
111  59.35307497  017.94902016 101
111  59.35303148  017.95025621 101
111  59.35299971  017.95060932 101
111  59.35289559  017.95092089 101
111  59.35169717  017.95427926 101
112  59.35144832  017.95488511  59.35139690  017.95497670
111  59.35144832  017.95488511
112  59.35144832  017.95488511  59.35139691  017.95497668 101
111  59.35117480  017.95507548 101
115  59.35069473  017.95518973
120 Linear Feature 33
111  59.35181533  017.95396229 101
112  59.35197279  017.95379254  59.35207541  017.95378932 101
115  59.35213877  017.95386489
120 Linear Feature 32
111  59.35203734  017.95333059 101
112  59.35205365  017.95370488  59.35209675  017.95384257 101
115  59.35213877  017.95386489
120 Linear Feature 23
111  59.35689604  017.93462586 105
112  59.35687765  017.93498897  59.35689539  017.93519632 105
115  59.35696835  017.93532803
120 Linear Feature 22
111  59.35659575  017.93544105 105
112  59.35679528  017.93527971  59.35689550  017.93526629 105
115  59.35697203  017.93533044
120 Linear Feature 21
111  59.35696816  017.93532630 105
115  59.35782859  017.93646855
120 Linear Feature 14
111  59.35972569  017.92940013 101
112  59.35972163  017.92969242  59.35971260  017.92977055 101
111  59.35968484  017.92985706 101
111  59.35949077  017.93042221 101
111  59.35938148  017.93071681 101
112  59.35933830  017.93092984  59.35932845  017.93109221 101
111  59.35934267  017.93117774 101
111  59.35946730  017.93217711 101
112  59.35947627  017.93250070  59.35946978  017.93258124 101
115  59.35940376  017.93287747
120 Linear Feature 13
111  59.35954968  017.92865406 101
111  59.35959047  017.92874546 101
111  59.35962061  017.92882292 101
111  59.35965329  017.92893471 101
111  59.35966928  017.92900853 101
111  59.35972167  017.92940156 101
111  59.35992457  017.93102243 101
112  59.35991476  017.93135190  59.35989457  017.93157129 101
111  59.35982284  017.93172225 101
111  59.35941174  017.93286559 101
111  59.35787015  017.93716419 101
111  59.35674666  017.94038910 101
111  59.35656319  017.94089223 101
112  59.35645374  017.94111925  59.35641088  017.94117917 101
115  59.35631971  017.94124724
21  59.35744596  017.93449078 2 125.0600 3.00 12  PAPI-4L
21  59.35091496  017.94994338 2 305.0800 3.00 30  PAPI-4L
20  59.35914393  017.93106070 121.1100 0 2 {@L}Y2
20  59.35913954  017.93113312 261.3200 0 2 {@L}Y2
20  59.35021548  017.95493761 331.3700 0 2 {@@,@L}B
20  59.35133225  017.95133128 317.4100 0 2 {@Y}Y4{^r}
20  59.35207442  017.95074455 207.3000 0 2 {@L}Y4{@Y}30-12
20  59.35230770  017.95013955 231.1200 0 2 {@Y}30-12{@L}Y4
20  59.35228815  017.95012894 29.4200 0 2 {@L}Y4
20  59.35238756  017.95120699 218.1100 0 2 {@@,@L}Y4
20  59.35207492  017.95255090 303.1500 0 2 {@L}Y{@Y}YU{^r,@@,^l}YW{@L}Y
20  59.35214288  017.95230825 305.4300 0 2 {@Y,^l}Y4{@L}Y
20  59.35238076  017.95168963 219.8500 0 2 {@Y,^l}Y{^r}
20  59.35179082  017.95340151 214.5300 0 2 {@Y,^l}Y{^r}
20  59.35147818  017.95422812 308.8800 0 2 {@L}Y{@Y}YW{^r}
20  59.35177723  017.95458543 126.6900 0 2 {@L}Y{@Y}Y5{^u}
20  59.35199744  017.95415346 221.0500 0 2 {@Y}DEICING
20  59.35222988  017.95343083 35.7800 0 2 {@L}YW
20  59.35291905  017.95146027 34.5400 0 2 {@L}YU
20  59.35301013  017.95126827 124.3800 0 2 {@Y,^l}YU{@L}Y
20  59.35322490  017.94979899 92.8600 0 2 {@L}Y{@Y}Y4{^r}
20  59.35324971  017.94762893 306.2500 0 2 {@L}Y
20  59.35396202  017.94674735 125.5400 0 2 {@L}Y
20  59.35591780  017.94106668 341.9200 0 2 {@Y,^lu}Y{@L}Y{@@}Y
20  59.35783445  017.93970437 86.8800 0 2 {@L}T
20  59.35822072  017.93926654 179.8900 0 2 {@Y,^l}T{@L}S{@Y}T{^u}
20  59.35733339  017.94080247 307.0400 0 2 {@Y,^lu}T
20  59.35700221  017.94092594 223.0200 0 2 {@Y,^l}Y_T{^r}
20  59.35750252  017.94019901 277.7000 0 2 {@L}T
20  59.35750881  017.93974063 269.0800 0 2 {@Y,^lu}T{@L}T{@Y}R{^ru}
20  59.35772716  017.93827621 33.4900 0 2 {@Y,^l}R|{^lu}S{@L}T
20  59.35905823  017.93317268 297.9500 0 2 {@Y,^lu}Y2{@L}Y{@Y}Y1{^u}
20  59.35816731  017.93695227 33.4100 0 2 {@Y,^l}Y{^r}
20  59.35760532  017.93722815 303.4900 0 2 {@Y,^l}Y3{@L}Y
20  59.35822753  017.93865579 357.8000 0 2 {@L}S
20  59.35814099  017.93842507 119.9200 0 2 {@L}R{@Y}T{^u}|T{^r}
20  59.35843610  017.93784609 149.0400 0 2 {@L}R
20  59.35746131  017.93919246 265.6000 0 2 {@L}T
20  59.35703603  017.94028076 125.0600 0 2 {@L}Y
20  59.35679935  017.93956973 305.0600 0 2 {@L}Y{@Y}T{^r}
20  59.35777329  017.93807729 111.3600 0 2 {@Y,^l}T{@L}Y
20  59.35724940  017.93829810 215.7900 0 2 {@Y,^l}Y{^r}
20  59.35665902  017.93658697 303.0200 0 2 {@Y}Y3{^r}
20  59.35921733  017.94139011 172.2300 0 2 {@Y}R9{@@}R9
20  59.35755402  017.93394678 125.6000 0 2 {@Y,^l}Y3
20  59.35738699  017.93543207 20.4200 0 2 {@L}Y3
20  59.35760650  017.93667010 212.7400 0 2 {@L}Y3
20  59.35827312  017.93541155 303.6900 0 2 {@L}Y
20  59.35717488  017.93611432 204.1800 0 2 {@L}Y3{@Y}30-12
20  59.35741502  017.93545215 223.4900 0 2 {@Y}30-12{@L}Y3
20  59.35067171  017.95481007 174.6200 0 2 {@Y}30{@L}Y5
20  59.35135764  017.94644542 52.8000 0 2 {@Y}12-30{@L}G1{@@}G1
20  59.35158365  017.94609976 55.9100 0 2 {@L}G1{@Y}12-30
20  59.35130708  017.94901649 304.6300 0 2 {@Y,^l}G1
20  59.35217726  017.94890829 120.9600 0 2 {@Y,^l}Y4
20  59.35225034  017.94896780 59.6900 0 2 {no-entry}
20  59.35250823  017.94837266 59.3800 0 2 {no-entry}
20  59.35070875  017.95558335 172.4100 0 2 {@L}Y5{@Y}30
20  59.35867243  017.93566076 125.1000 0 3 {@L}Y{@Y}Y3{^r}
20  59.35988943  017.93210760 125.1000 0 3 {@L}Y1{@Y}Y{^u}
20  59.36003824  017.93028179 76.7600 0 3 {@L}Y1
20  59.35953636  017.92953614 253.9400 0 3 {@L}Y1{@Y}12
20  59.35886658  017.93022233 306.7700 0 2 {@Y}Y1{^r}
20  59.35991821  017.92930210 71.1300 0 3 {@L}Y1{@Y}Y2{^ru}
20  59.35992275  017.92935067 271.1000 0 3 {@Y}12{@L}Y1
20  59.35042486  017.95394138 124.1400 0 2 {@Y,^l}Y5
14  59.35550518  017.94768031  82.02 0 Tower
1300  59.34849137  017.94754241 255.19 misc props|helos Aprong G - 5
1301 A none 
1300  59.34862666  017.94746628 253.54 misc props|helos Aprong G - 5
1301 A none 
1300  59.34876462  017.94738542 253.50 misc props|helos Aprong G - 4
1301 A none 
1300  59.34973075  017.94743743 252.42 misc helos Apron G - 2
1301 A none 
1300  59.34907949  017.94728644 -17.85 misc helos Apron G - 3
1301 A none 
1300  59.34957746  017.94752722 252.42 misc helos Apron G - 1
1301 A none 
1300  59.34955710  017.94781719 342.69 misc helos Apron G - Pad
1301 A none 
1300  59.35970011  017.93598510 146.05 hangar jets|turboprops|props|helos Apron 4 - 1
1301 B none 
1300  59.35219147  017.95441440 215.89 misc props|helos East Fuel
1301 A none 
1300  59.35248239  017.95450446  88.40 misc props|helos East 12
1301 A none 
1300  59.35276714  017.95402066 182.54 misc jets|turboprops|props|helos East 11
1301 A none 
1300  59.35298245  017.95363208 182.54 misc jets|turboprops|props|helos East 10
1301 A none 
1300  59.35369860  017.95260168 320.91 misc jets|turboprops|props East 9
1301 A none 
1300  59.35362237  017.95099764 143.13 misc jets|turboprops|props East 5
1301 A none 
1300  59.35372713  017.95128115 143.13 misc jets|turboprops|props East 4
1301 A none 
1300  59.35383112  017.95156317 143.13 misc jets|turboprops|props East 3
1301 A none 
1300  59.35392518  017.95181518 143.13 misc jets|turboprops|props East 2
1301 A none 
1300  59.35404140  017.95213080 143.13 misc jets|turboprops|props East 1
1301 A none 
15  59.35845159  017.93716825 102.91 Apron 4 - 5
15  59.35907259  017.93734375 -124.09 Apron 4 - 4
15  59.35927499  017.93707298 -124.09 Apron 4 - 3
15  59.36028723  017.93802352 196.43 Apron 7 - 1
15  59.35948921  017.93677821 236.46 Apron 4 - 2
1300  59.35647133  017.94450255  87.63 misc heavy|jets|turboprops|props Gate 11
1301 B none 
1300  59.35695945  017.94413084  78.82 misc heavy|jets|turboprops|props Gate 12
1301 B none 
1300  59.35754310  017.94242806  88.62 misc heavy|jets|turboprops|props Gate 14
1301 B none 
1300  59.35724174  017.94323307  75.05 misc heavy|jets|turboprops|props Gate 13
1301 B none 
15  59.35840417  017.93978937 -89.00 Apron Remote North - 4
15  59.35902235  017.94147037 -10.49 Apron Remote North - 5
15  59.35929532  017.93981793 -89.00 Apron Remote North - 1
15  59.35899930  017.93982505 -89.00 Apron Remote North - 2
15  59.35870306  017.93978979 -89.00 Apron Remote North - 3
15  59.35784951  017.94174607 214.86 Gate 15
15  59.35807278  017.94263756 -120.43 Gate 16
15  59.35780109  017.94341780 -104.56 Gate 17
15  59.35749754  017.94427866 257.83 Gate 18
15  59.35719020  017.94509853 -105.94 Gate 19
15  59.35506293  017.94465090  90.87 Gate 3
15  59.35535901  017.94395193  80.96 Gate 4
15  59.35562914  017.94321286  83.77 Gate 5
15  59.35585122  017.94254900 109.66 Gate 6
1300  59.35652589  017.94192797 214.39 misc heavy|jets|turboprops|props Gate 7
1301 B none 
1300  59.35632777  017.94250797 -88.70 misc heavy|jets|turboprops|props Gate 8
1301 B none 
1300  59.35606009  017.94325653 267.06 misc heavy|jets|turboprops|props Gate 9
1301 B none 
1300  59.35584248  017.94422850 -142.13 misc heavy|jets|turboprops|props Gate 10
1301 B none 
1300  59.35882396  017.93890427 270.00 misc jets|turboprops|props Apron 6 - 2
1301 A none 
1300  59.35904134  017.93890716 270.34 misc jets|turboprops|props Apron 6 -1
1301 A none 
1300  59.34739146  017.94716950  74.45 misc helos Helipad south
1301 A none 
19  59.35770062  017.93475860 1 WS
50 12245 ATIS
53 12160 GND
54 11810 TWR
54 11940 TWR
55 12015 APP
55 12330 APP
1200 
1201  59.34957405  017.95507708 both 0 RWY30
1201  59.35919233  017.92814088 both 1 RWY12
1201  59.35674100  017.93503025 both 2 RWY12
1201  59.35210845  017.94801034 both 3 RWY12
1201  59.35155899  017.94956168 both 4 RWY12
1201  59.35339907  017.95218799 both 5 _stop
1201  59.35247964  017.95376528 both 6 _stop
1201  59.35306510  017.95275579 both 7 _stop
1201  59.35922983  017.93661106 both 8 _stop
1201  59.35876475  017.93724691 both 9 _stop
1201  59.35981686  017.93669064 both 10 _stop
1201  59.36012263  017.93756435 both 11 _start
1201  59.35995317  017.93708262 both 12 _start
1201  59.35803897  017.93802992 both 13 R_stop
1201  59.35811421  017.93786589 both 14 R_stop
1201  59.35817273  017.93780028 both 15 R_stop
1201  59.35823752  017.93778388 both 16 R_stop
1201  59.35828560  017.93775927 both 17 R_stop
1201  59.35842352  017.93759135 both 18 R_start
1201  59.35856861  017.93887991 both 19 _stop
1201  59.35905308  017.93824186 both 20 _stop
1201  59.35846501  017.93897465 both 21 S_stop
1201  59.35784380  017.93897725 both 22 S_stop
1201  59.35772466  017.93892804 both 23 S_stop
1201  59.35757357  017.93876922 both 24 T_stop
1201  59.35767309  017.93942017 both 25 T_stop
1201  59.35767092  017.93914054 both 26 T_stop
1201  59.35767854  017.94007360 both 27 T_start
1201  59.35235977  017.95391301 both 28 YW_stop
1201  59.35222614  017.95394135 both 29 YW_stop
1201  59.35213600  017.95386872 both 30 YW_stop
1201  59.35293401  017.95248900 both 31 YU_stop
1201  59.35283650  017.95233314 both 32 YU_stop
1201  59.35273898  017.95220562 both 33 YU_stop
1201  59.35773249  017.94539730 both 34 _stop
1201  59.35845346  017.94336214 both 35 _stop
1201  59.35850294  017.94323270 both 36 _stop
1201  59.35857831  017.94289003 both 37 _stop
1201  59.35856594  017.94258667 both 38 _stop
1201  59.35845874  017.94162400 both 39 _stop
1201  59.35833268  017.94126776 both 40 _stop
1201  59.35770877  017.94045062 both 41 _stop
1201  59.35656651  017.94355989 both 42 _start
1201  59.35722215  017.94167566 both 43 _start
1201  59.35753793  017.94076035 both 44 _start
1201  59.35084710  017.94571722 both 45 G1_stop
1201  59.35113955  017.94554941 both 46 G1_stop
1201  59.35122081  017.94562615 both 47 G1_stop
1201  59.35146138  017.94624905 both 48 G1_stop
1201  59.35124272  017.95504571 both 49 Y_stop
1201  59.35136311  017.95497486 both 50 Y_stop
1201  59.35144437  017.95489221 both 51 Y_stop
1201  59.35170459  017.95429063 both 52 Y_stop
1201  59.35289252  017.95092273 both 53 Y_stop
1201  59.35296985  017.95070132 both 54 Y_stop
1201  59.35300252  017.95054804 both 55 Y_stop
1201  59.35303011  017.95026268 both 56 Y_stop
1201  59.35307526  017.94900805 both 57 Y_stop
1201  59.35308780  017.94878664 both 58 Y_stop
1201  59.35312040  017.94861444 both 59 Y_stop
1201  59.35320008  017.94835730 both 60 Y_stop
1201  59.35551436  017.94192987 both 61 Y_stop
1201  59.35560595  017.94171328 both 62 Y_stop
1201  59.35568433  017.94160394 both 63 Y_stop
1201  59.35579196  017.94152295 both 64 Y_stop
1201  59.35635121  017.94122395 both 65 Y_stop
1201  59.35643248  017.94114706 both 66 Y_stop
1201  59.35651485  017.94099563 both 67 Y_stop
1201  59.35674455  017.94040044 both 68 Y_stop
1201  59.35659576  017.94080784 both 69 Y_stop
1201  59.35694824  017.93980524 both 70 Y_stop
1201  59.35738760  017.93854352 both 71 Y_stop
1201  59.34982179  017.95539722 both 72 Y5_stop
1201  59.34996693  017.95537160 both 73 Y5_stop
1201  59.35069759  017.95519082 both 74 Y5_start
1201  59.35277552  017.95127248 both 75 Y4_start
1201  59.35276879  017.95126499 both 76 Y4_start
1201  59.35219804  017.95045849 both 77 Y4_start
1201  59.35252590  017.95194348 both 78 Y4_start
1201  59.35193014  017.95362784 both 79 Y4_start
1201  59.35802731  017.93674364 both 80 Y3_start
1201  59.35731067  017.93578658 both 81 Y3_start
1201  59.35739813  017.93851194 both 82 Y3_start
1201  59.35972581  017.92962271 both 83 Y2_stop
1201  59.35970694  017.92976510 both 84 Y2_stop
1201  59.35967356  017.92989041 both 85 Y2_stop
1201  59.35938344  017.93070278 both 86 Y2_stop
1201  59.35935463  017.93080681 both 87 Y2_stop
1201  59.35933749  017.93092547 both 88 Y2_stop
1201  59.35933720  017.93105711 both 89 Y2_stop
1201  59.35946543  017.93216895 both 90 Y2_stop
1201  59.35947467  017.93227112 both 91 Y2_stop
1201  59.35948055  017.93238814 both 92 Y2_stop
1201  59.35947215  017.93253976 both 93 Y2_stop
1201  59.35953690  017.92863300 both 94 Y1_stop
1201  59.35958400  017.92873112 both 95 Y1_stop
1201  59.35962740  017.92884374 both 96 Y1_stop
1201  59.35967213  017.92901552 both 97 Y1_stop
1201  59.35992401  017.93102086 both 98 Y1_stop
1201  59.35972581  017.92944045 both 99 Y1_stop
1201  59.35992725  017.93115703 both 100 Y1_stop
1201  59.35991637  017.93136825 both 101 Y1_stop
1201  59.35988008  017.93154861 both 102 Y1_stop
1201  59.35982283  017.93172754 both 103 Y1_stop
1201  59.35940784  017.93287039 both 104 Y1_start
1202 23 26 twoway taxiway_B 
1202 1 2 twoway runway 12/30
1204 departure 12,30
1204 arrival 12,30
1204 ils 12,30
1202 2 3 twoway runway 12/30
1204 departure 12,30
1204 arrival 12,30
1204 ils 12,30
1202 3 4 twoway runway 12/30
1204 departure 12,30
1204 arrival 12,30
1204 ils 12,30
1202 4 0 twoway runway 12/30
1204 departure 12,30
1204 arrival 12,30
1204 ils 12,30
1202 72 73 twoway taxiway_C Y5
1204 departure 12,30
1204 arrival 12,30
1202 44 41 twoway taxiway_B 
1202 31 7 twoway taxiway_B 
1202 6 7 twoway taxiway_B 
1202 7 5 twoway taxiway_B 
1202 28 6 twoway taxiway_B 
1202 9 8 twoway taxiway_B 
1202 18 9 twoway taxiway_B 
1202 20 12 twoway taxiway_B 
1202 11 12 twoway taxiway_B 
1202 12 10 twoway taxiway_B 
1202 13 23 twoway taxiway_B R
1202 14 13 twoway taxiway_B R
1202 15 14 twoway taxiway_B R
1202 16 15 twoway taxiway_B R
1202 17 16 twoway taxiway_B R
1202 18 17 twoway taxiway_B R
1202 19 20 twoway taxiway_B 
1202 21 19 twoway taxiway_B 
1202 22 21 twoway taxiway_B S
1202 23 22 twoway taxiway_B S
1202 24 23 twoway taxiway_C S
1202 24 82 twoway taxiway_C T
1202 25 26 twoway taxiway_C T
1202 26 24 twoway taxiway_C T
1202 27 25 twoway taxiway_C T
1202 29 28 twoway taxiway_B YW
1202 30 29 twoway taxiway_B YW
1202 79 30 twoway taxiway_B YW
1202 32 31 twoway taxiway_B YU
1202 33 32 twoway taxiway_B YU
1202 78 33 twoway taxiway_B YU
1202 35 34 twoway taxiway_C 
1202 36 35 twoway taxiway_C 
1202 37 36 twoway taxiway_C 
1202 38 37 twoway taxiway_C 
1202 39 38 twoway taxiway_C 
1202 40 39 twoway taxiway_C 
1202 41 40 twoway taxiway_C 
1202 27 41 twoway taxiway_C 
1202 69 43 twoway taxiway_B 
1202 42 43 twoway taxiway_B 
1202 43 44 twoway taxiway_B 
1202 46 45 twoway taxiway_B G1
1202 47 46 twoway taxiway_B G1
1202 48 47 twoway taxiway_B G1
1202 3 48 twoway taxiway_B G1
1204 departure 12,30
1204 arrival 12,30
1202 49 74 twoway taxiway_C Y
1202 50 49 twoway taxiway_C Y
1202 51 50 twoway taxiway_C Y
1202 52 51 twoway taxiway_C Y
1202 53 76 twoway taxiway_C Y
1202 76 78 twoway taxiway_C Y
1202 78 79 twoway taxiway_C Y
1202 79 52 twoway taxiway_C Y
1202 54 53 twoway taxiway_C Y
1202 55 54 twoway taxiway_C Y
1202 56 55 twoway taxiway_C Y
1202 57 56 twoway taxiway_C Y
1202 58 57 twoway taxiway_C Y
1202 59 58 twoway taxiway_C Y
1202 60 59 twoway taxiway_C Y
1202 61 60 twoway taxiway_C Y
1202 62 61 twoway taxiway_C Y
1202 63 62 twoway taxiway_C Y
1202 64 63 twoway taxiway_C Y
1202 65 64 twoway taxiway_C Y
1202 66 65 twoway taxiway_C Y
1202 67 66 twoway taxiway_C Y
1202 68 69 twoway taxiway_C Y
1202 69 67 twoway taxiway_C Y
1202 70 68 twoway taxiway_C Y
1202 71 70 twoway taxiway_C Y
1202 80 82 twoway taxiway_C Y
1202 82 71 twoway taxiway_C Y
1202 104 80 twoway taxiway_C Y
1202 72 0 twoway taxiway_C Y5
1204 departure 12,30
1204 arrival 12,30
1204 ils 30
1202 74 73 twoway taxiway_C Y5
1204 departure 12,30
1204 arrival 12,30
1204 ils 30
1202 75 76 twoway taxiway_C Y4
1204 departure 30
1204 arrival 12
1202 76 77 twoway taxiway_C Y4
1202 77 4 twoway taxiway_C Y4
1204 departure 12,30
1204 arrival 12,30
1202 80 81 twoway taxiway_C Y3
1202 81 2 twoway taxiway_C Y3
1204 departure 12,30
1204 arrival 12,30
1202 83 99 twoway taxiway_C Y2
1204 departure 12,30
1204 arrival 12,30
1204 ils 12
1202 84 83 twoway taxiway_C Y2
1204 departure 12,30
1204 arrival 12,30
1204 ils 12
1202 85 84 twoway taxiway_C Y2
1204 departure 12,30
1204 arrival 12,30
1204 ils 12
1202 86 85 twoway taxiway_C Y2
1204 departure 12,30
1204 arrival 12,30
1204 ils 12
1202 87 86 twoway taxiway_C Y2
1204 departure 12,30
1204 arrival 12,30
1204 ils 12
1202 88 87 twoway taxiway_C Y2
1204 departure 12,30
1204 arrival 12,30
1204 ils 12
1202 89 88 twoway taxiway_C Y2
1204 departure 12,30
1204 arrival 12,30
1204 ils 12
1202 90 89 twoway taxiway_C Y2
1202 91 90 twoway taxiway_C Y2
1202 92 91 twoway taxiway_C Y2
1202 93 92 twoway taxiway_C Y2
1202 104 93 twoway taxiway_C Y2
1202 94 1 twoway taxiway_C None
1204 departure 12,30
1204 arrival 12,30
1204 ils 12
1202 95 94 twoway taxiway_C None
1204 departure 12,30
1204 arrival 12,30
1204 ils 12
1202 96 95 twoway taxiway_C Y1
1204 departure 12,30
1204 arrival 12,30
1204 ils 12
1202 97 96 twoway taxiway_C Y1
1204 departure 12,30
1204 arrival 12,30
1204 ils 12
1202 98 99 twoway taxiway_C Y1
1202 99 97 twoway taxiway_C Y1
1204 departure 12,30
1204 arrival 12,30
1204 ils 12
1202 100 98 twoway taxiway_C Y1
1202 101 100 twoway taxiway_C Y1
1202 102 101 twoway taxiway_C Y1
1202 103 102 twoway taxiway_C Y1
1202 104 103 twoway taxiway_C Y1
99
